9
1 2 36
1 4 45
2 1 36
2 3 51
2 4 54
2 5 64
2 6 70
3 2 51
3 5 41
4 1 45
4 2 54
4 6 71
4 7 71
5 2 64
5 3 41
5 6 45
5 9 95
6 2 70
6 4 71
6 5 45
6 7 63
6 8 51
6 9 99
7 4 71
7 6 63
7 8 76
8 6 51
8 7 76
8 9 63
9 5 95
9 6 99
9 8 63